915 1680
-0.4408 -0.010667 0.018667
-0.2808 0.021333 0.018667
-0.1448 0.069333 0.018667
-0.0488 0.109333 0.018667
0.0632 0.157333 0.018667
0.1352 0.197333 0.018667
0.2472 0.253333 0.018667
0.3272 0.261333 0.018667
0.3912 0.245333 0.018667
0.4392 0.213333 0.018667
0.4472 0.157333 0.018667
0.4392 0.101333 0.018667
0.4152 0.061333 0.018667
0.3432 0.013333 0.018667
0.2472 -0.018667 0.018667
-0.440907 -0.01116 0.016228
-0.28304 0.018868 0.006471
-0.148853 0.06391 -0.008164
-0.054133 0.101445 -0.02036
0.056373 0.146487 -0.034995
0.127413 0.184023 -0.047191
0.23792 0.236572 -0.064265
0.316853 0.244079 -0.066704
0.38 0.229065 -0.061826
0.42736 0.199037 -0.052069
0.435253 0.146487 -0.034995
0.42736 0.093938 -0.017921
0.40368 0.056403 -0.005725
0.33264 0.011361 0.00891
0.23792 -0.018667 0.018667
-0.441013 -0.012367 0.01409
-0.28528 0.012831 -0.004218
-0.152907 0.050628 -0.031679
-0.059467 0.082126 -0.054563
0.049547 0.119923 -0.082025
0.119627 0.151421 -0.104909
0.22864 0.195518 -0.136948
0.306507 0.201817 -0.141524
0.3688 0.189218 -0.132371
0.41552 0.16402 -0.114063
0.423307 0.119923 -0.082025
0.41552 0.075827 -0.049987
0.39216 0.044329 -0.027102
0.32208 0.006532 0.000359
0.22864 -0.018667 0.018667
-0.44112 -0.014152 0.012453
-0.28752 0.003904 -0.0124
-0.15696 0.030989 -0.049679
-0.0648 0.05356 -0.080745
0.04272 0.080646 -0.118025
0.11184 0.103216 -0.149091
0.21936 0.134816 -0.192584
0.29616 0.13933 -0.198797
0.3576 0.130302 -0.186371
0.40368 0.112245 -0.161518
0.41136 0.080646 -0.118025
0.40368 0.049046 -0.074532
0.38064 0.026475 -0.043466
0.31152 -0.00061 -0.006186
0.21936 -0.018667 0.018667
-0.441227 -0.016326 0.011464
-0.28976 -0.006965 -0.017347
-0.161013 0.007077 -0.060563
-0.070133 0.018778 -0.096576
0.035893 0.03282 -0.139792
0.104053 0.044521 -0.175805
0.21008 0.060903 -0.226224
0.285813 0.063243 -0.233427
0.3464 0.058563 -0.219021
0.39184 0.049202 -0.190211
0.399413 0.03282 -0.139792
0.39184 0.016438 -0.089373
0.36912 0.004736 -0.05336
0.30096 -0.009306 -0.010144
0.21008 -0.018667 0.018667
-0.441333 -0.018667 0.0112
-0.292 -0.018667 -0.018667
-0.165067 -0.018667 -0.063467
-0.075467 -0.018667 -0.1008
0.029067 -0.018667 -0.1456
0.096267 -0.018667 -0.182933
0.2008 -0.018667 -0.2352
0.275467 -0.018667 -0.242667
0.3352 -0.018667 -0.227733
0.38 -0.018667 -0.197867
0.387467 -0.018667 -0.1456
0.38 -0.018667 -0.093333
0.3576 -0.018667 -0.056
0.2904 -0.018667 -0.0112
0.2008 -0.018667 0.018667
-0.44144 -0.020941 0.011667
-0.29424 -0.030039 -0.016332
-0.16912 -0.043685 -0.058331
-0.0808 -0.055057 -0.09333
0.02224 -0.068703 -0.135328
0.08848 -0.080074 -0.170327
0.19152 -0.095995 -0.219326
0.26512 -0.098269 -0.226325
0.324 -0.093721 -0.212326
0.36816 -0.084623 -0.184327
0.37552 -0.068703 -0.135328
0.36816 -0.052782 -0.08633
0.34608 -0.04141 -0.051331
0.27984 -0.027764 -0.009332
0.19152 -0.018667 0.018667
-0.441547 -0.02293 0.012799
-0.29648 -0.039984 -0.010674
-0.173173 -0.065564 -0.045882
-0.086133 -0.086881 -0.075222
0.015413 -0.112462 -0.110431
0.080693 -0.133779 -0.139771
0.18224 -0.163622 -0.180848
0.254773 -0.167886 -0.186716
0.3128 -0.159359 -0.17498
0.35632 -0.142305 -0.151507
0.363573 -0.112462 -0.110431
0.35632 -0.082618 -0.069354
0.33456 -0.061301 -0.040014
0.26928 -0.03572 -0.004806
0.18224 -0.018667 0.018667
-0.441653 -0.024448 0.014466
-0.29872 -0.047575 -0.002337
-0.177227 -0.082266 -0.027541
-0.091467 -0.111175 -0.048545
0.008587 -0.145866 -0.073749
0.072907 -0.174775 -0.094752
0.17296 -0.215247 -0.124157
0.244427 -0.221029 -0.128358
0.3016 -0.209465 -0.119957
0.34448 -0.186338 -0.103154
0.351627 -0.145866 -0.073749
0.34448 -0.105393 -0.044344
0.32304 -0.076484 -0.02334
0.25872 -0.041794 0.001864
0.17296 -0.018667 0.018667
-0.44176 -0.025362 0.016491
-0.30096 -0.052144 0.007789
-0.18128 -0.092317 -0.005264
-0.0968 -0.125794 -0.016141
0.00176 -0.165966 -0.029194
0.06512 -0.199444 -0.040071
0.16368 -0.246312 -0.0553
0.23408 -0.253007 -0.057475
0.2904 -0.239616 -0.053124
0.33264 -0.212834 -0.044422
0.33968 -0.165966 -0.029194
0.33264 -0.119098 -0.013965
0.31152 -0.085621 -0.003088
0.24816 -0.045448 0.009965
0.16368 -0.018667 0.018667
-0.441867 -0.0256 0.018667
-0.3032 -0.053333 0.018667
-0.185333 -0.094933 0.018667
-0.102133 -0.1296 0.018667
-0.005067 -0.1712 0.018667
0.057333 -0.205867 0.018667
0.1544 -0.2544 0.018667
0.223733 -0.261333 0.018667
0.2792 -0.247467 0.018667
0.3208 -0.219733 0.018667
0.327733 -0.1712 0.018667
0.3208 -0.122667 0.018667
0.3 -0.088 0.018667
0.2376 -0.0464 0.018667
0.1544 -0.018667 0.018667
-0.441973 -0.025159 0.020776
-0.30544 -0.051129 0.029214
-0.189387 -0.090085 0.041872
-0.107467 -0.122547 0.05242
-0.011893 -0.161503 0.065077
0.049547 -0.193965 0.075625
0.14512 -0.239413 0.090392
0.213387 -0.245906 0.092501
0.268 -0.232921 0.088282
0.30896 -0.206951 0.079844
0.315787 -0.161503 0.065077
0.30896 -0.116055 0.05031
0.28848 -0.083592 0.039762
0.22704 -0.044637 0.027105
0.14512 -0.018667 0.018667
-0.44208 -0.024103 0.022617
-0.30768 -0.04585 0.038416
-0.19344 -0.078469 0.062116
-0.1128 -0.105652 0.081865
-0.01872 -0.138272 0.105565
0.04176 -0.165455 0.125314
0.13584 -0.203511 0.152964
0.20304 -0.208947 0.156914
0.2568 -0.198074 0.149014
0.29712 -0.176328 0.133214
0.30384 -0.138272 0.105565
0.29712 -0.100216 0.077915
0.27696 -0.073033 0.058166
0.21648 -0.040413 0.034466
0.13584 -0.018667 0.018667
-0.442187 -0.022554 0.024017
-0.30992 -0.038103 0.045418
-0.197493 -0.061426 0.07752
-0.118133 -0.080862 0.104271
-0.025547 -0.104185 0.136373
0.033973 -0.123622 0.163125
0.12656 -0.150832 0.200577
0.192693 -0.154719 0.205927
0.2456 -0.146945 0.195227
0.28528 -0.131396 0.173825
0.291893 -0.104185 0.136373
0.28528 -0.076975 0.098921
0.26544 -0.057539 0.07217
0.20592 -0.034215 0.040068
0.12656 -0.018667 0.018667
-0.442293 -0.020677 0.024855
-0.31216 -0.02872 0.049608
-0.201547 -0.040784 0.086737
-0.123467 -0.050837 0.117678
-0.032373 -0.062901 0.154807
0.026187 -0.072955 0.185748
0.11728 -0.08703 0.229066
0.182347 -0.08904 0.235254
0.2344 -0.085019 0.222878
0.27344 -0.076976 0.198125
0.279947 -0.062901 0.154807
0.27344 -0.048827 0.11149
0.25392 -0.038773 0.080549
0.19536 -0.026709 0.043419
0.11728 -0.018667 0.018667
-0.4424 -0.018667 0.025067
-0.3144 -0.018667 0.050667
-0.2056 -0.018667 0.089067
-0.1288 -0.018667 0.121067
-0.0392 -0.018667 0.159467
0.0184 -0.018667 0.191467
0.108 -0.018667 0.236267
0.172 -0.018667 0.242667
0.2232 -0.018667 0.229867
0.2616 -0.018667 0.204267
0.268 -0.018667 0.159467
0.2616 -0.018667 0.114667
0.2424 -0.018667 0.082667
0.1848 -0.018667 0.044267
0.108 -0.018667 0.018667
-0.442507 -0.016722 0.024652
-0.31664 -0.008943 0.048593
-0.209653 0.002726 0.084505
-0.134133 0.012449 0.114432
-0.046027 0.024118 0.150344
0.010613 0.033841 0.18027
0.09872 0.047455 0.222167
0.161653 0.049399 0.228153
0.212 0.04551 0.216182
0.24976 0.037731 0.192241
0.256053 0.024118 0.150344
0.24976 0.010505 0.108446
0.23088 0.000781 0.07852
0.17424 -0.010888 0.042608
0.09872 -0.018667 0.018667
-0.442613 -0.01503 0.023672
-0.31888 -0.000485 0.043692
-0.213707 0.021334 0.073723
-0.139467 0.039516 0.098749
-0.052853 0.061335 0.128779
0.002827 0.079517 0.153805
0.08944 0.104972 0.188841
0.151307 0.108608 0.193846
0.2008 0.101336 0.183836
0.23792 0.08679 0.163815
0.244107 0.061335 0.128779
0.23792 0.03588 0.093743
0.21936 0.017698 0.068718
0.16368 -0.004121 0.038687
0.08944 -0.018667 0.018667
-0.44272 -0.013748 0.02224
-0.32112 0.005927 0.036535
-0.21776 0.03544 0.057978
-0.1448 0.060034 0.075846
-0.05968 0.089547 0.097289
-0.00496 0.114142 0.115157
0.08016 0.148573 0.140174
0.14096 0.153492 0.143747
0.1896 0.143655 0.1366
0.22608 0.123979 0.122305
0.23216 0.089547 0.097289
0.22608 0.055116 0.072273
0.20784 0.030522 0.054404
0.15312 0.001009 0.032962
0.08016 -0.018667 0.018667
-0.442827 -0.012986 0.020513
-0.32336 0.009738 0.027896
-0.221813 0.043824 0.038971
-0.150133 0.072229 0.0482
-0.066507 0.106315 0.059276
-0.012747 0.13472 0.068505
0.07088 0.174487 0.081426
0.130613 0.180168 0.083272
0.1784 0.168806 0.07958
0.21424 0.146082 0.072197
0.220213 0.106315 0.059276
0.21424 0.066548 0.046355
0.19632 0.038143 0.037125
0.14256 0.004057 0.02605
0.07088 -0.018667 0.018667
-0.442933 -0.0128 0.018667
-0.3256 0.010667 0.018667
-0.225867 0.045867 0.018667
-0.155467 0.0752 0.018667
-0.073333 0.1104 0.018667
-0.020533 0.139733 0.018667
0.0616 0.1808 0.018667
0.120267 0.186667 0.018667
0.1672 0.174933 0.018667
0.2024 0.151467 0.018667
0.208267 0.1104 0.018667
0.2024 0.069333 0.018667
0.1848 0.04 0.018667
0.132 0.0048 0.018667
0.0616 -0.018667 0.018667
-0.44304 -0.013189 0.016887
-0.32784 0.008724 0.009767
-0.22992 0.041592 -0.000913
-0.1608 0.068983 -0.009812
-0.08016 0.101851 -0.020492
-0.02832 0.129242 -0.029392
0.05232 0.167588 -0.041851
0.10992 0.173066 -0.043631
0.156 0.16211 -0.040071
0.19056 0.140198 -0.032952
0.19632 0.101851 -0.020492
0.19056 0.063505 -0.008032
0.17328 0.036114 0.000867
0.12144 0.003246 0.011547
0.05232 -0.018667 0.018667
-0.443147 -0.014093 0.015344
-0.33008 0.004202 0.002052
-0.233973 0.031643 -0.017886
-0.166133 0.054512 -0.0345
-0.086987 0.081954 -0.054438
-0.036107 0.104822 -0.071053
0.04304 0.136837 -0.094314
0.099573 0.141411 -0.097636
0.1448 0.132264 -0.09099
0.17872 0.113969 -0.077699
0.184373 0.081954 -0.054438
0.17872 0.049938 -0.031178
0.16176 0.02707 -0.014563
0.11088 -0.000372 0.005375
0.04304 -0.018667 0.018667
-0.443253 -0.015406 0.014179
-0.33232 -0.002365 -0.00377
-0.238027 0.017196 -0.030694
-0.171467 0.033497 -0.053131
-0.093813 0.053059 -0.080055
-0.043893 0.06936 -0.102492
0.03376 0.092182 -0.133903
0.089227 0.095442 -0.13839
0.1336 0.088922 -0.129416
0.16688 0.07588 -0.111466
0.172427 0.053059 -0.080055
0.16688 0.030237 -0.048643
0.15024 0.013936 -0.026207
0.10032 -0.005626 0.000717
0.03376 -0.018667 0.018667
-0.44336 -0.016986 0.013493
-0.33456 -0.010261 -0.007202
-0.24208 -0.000175 -0.038245
-0.1768 0.00823 -0.064113
-0.10064 0.018316 -0.095156
-0.05168 0.026722 -0.121025
0.02448 0.038489 -0.157241
0.07888 0.04017 -0.162414
0.1224 0.036808 -0.152067
0.15504 0.030084 -0.131372
0.16048 0.018316 -0.095156
0.15504 0.006549 -0.05894
0.13872 -0.001856 -0.033071
0.08976 -0.011943 -0.002028
0.02448 -0.018667 0.018667
-0.443467 -0.018667 0.013333
-0.3368 -0.018667 -0.008
-0.246133 -0.018667 -0.04
-0.182133 -0.018667 -0.066667
-0.107467 -0.018667 -0.098667
-0.059467 -0.018667 -0.125333
0.0152 -0.018667 -0.162667
0.068533 -0.018667 -0.168
0.1112 -0.018667 -0.157333
0.1432 -0.018667 -0.136
0.148533 -0.018667 -0.098667
0.1432 -0.018667 -0.061333
0.1272 -0.018667 -0.034667
0.0792 -0.018667 -0.002667
0.0152 -0.018667 0.018667
-0.443573 -0.020282 0.013696
-0.33904 -0.026742 -0.006188
-0.250187 -0.036433 -0.036013
-0.187467 -0.044509 -0.060867
-0.114293 -0.054199 -0.090692
-0.067253 -0.062275 -0.115546
0.00592 -0.073581 -0.150342
0.058187 -0.075196 -0.155313
0.1 -0.071966 -0.145372
0.13136 -0.065505 -0.125488
0.136587 -0.054199 -0.090692
0.13136 -0.042894 -0.055896
0.11568 -0.034818 -0.031042
0.06864 -0.025127 -0.001217
0.00592 -0.018667 0.018667
-0.44368 -0.021676 0.014524
-0.34128 -0.033714 -0.002044
-0.25424 -0.051771 -0.026897
-0.1928 -0.066818 -0.047608
-0.12112 -0.084875 -0.072461
-0.07504 -0.099922 -0.093172
-0.00336 -0.120988 -0.122167
0.04784 -0.123998 -0.126309
0.0888 -0.117979 -0.118025
0.11952 -0.105941 -0.101456
0.12464 -0.084875 -0.072461
0.11952 -0.063809 -0.043466
0.10416 -0.048761 -0.022755
0.05808 -0.030705 0.002098
-0.00336 -0.018667 0.018667
-0.443787 -0.022722 0.01572
-0.34352 -0.038946 0.003933
-0.258293 -0.063281 -0.013748
-0.198133 -0.083561 -0.028482
-0.127947 -0.107896 -0.046162
-0.082827 -0.128175 -0.060896
-0.01264 -0.156566 -0.081523
0.037493 -0.160622 -0.08447
0.0776 -0.15251 -0.078576
0.10768 -0.136287 -0.06679
0.112693 -0.107896 -0.046162
0.10768 -0.079505 -0.025535
0.09264 -0.059225 -0.010801
0.04752 -0.03489 0.00688
-0.01264 -0.018667 0.018667
-0.443893 -0.023333 0.01715
-0.34576 -0.041999 0.011086
-0.262347 -0.069998 0.001988
-0.203467 -0.093331 -0.005593
-0.134773 -0.12133 -0.014691
-0.090613 -0.144663 -0.022272
-0.02192 -0.177328 -0.032886
0.027147 -0.181995 -0.034402
0.0664 -0.172662 -0.031369
0.09584 -0.153996 -0.025304
0.100747 -0.12133 -0.014691
0.09584 -0.088664 -0.004077
0.08112 -0.065332 0.003504
0.03696 -0.037333 0.012602
-0.02192 -0.018667 0.018667
-0.444 -0.023467 0.018667
-0.348 -0.042667 0.018667
-0.2664 -0.071467 0.018667
-0.2088 -0.095467 0.018667
-0.1416 -0.124267 0.018667
-0.0984 -0.148267 0.018667
-0.0312 -0.181867 0.018667
0.0168 -0.186667 0.018667
0.0552 -0.177067 0.018667
0.084 -0.157867 0.018667
0.0888 -0.124267 0.018667
0.084 -0.090667 0.018667
0.0696 -0.066667 0.018667
0.0264 -0.037867 0.018667
-0.0312 -0.018667 0.018667
-0.444107 -0.02313 0.020117
-0.35024 -0.040985 0.025918
-0.270453 -0.067767 0.03462
-0.214133 -0.090085 0.041872
-0.148427 -0.116866 0.050574
-0.106187 -0.139185 0.057825
-0.04048 -0.17043 0.067978
0.006453 -0.174894 0.069428
0.044 -0.165966 0.066527
0.07216 -0.148112 0.060726
0.076853 -0.116866 0.050574
0.07216 -0.085621 0.040422
0.05808 -0.063303 0.03317
0.01584 -0.036521 0.024468
-0.04048 -0.018667 0.018667
-0.444213 -0.022377 0.021363
-0.35248 -0.03722 0.032146
-0.274507 -0.059484 0.048322
-0.219467 -0.078038 0.061802
-0.155253 -0.100302 0.077978
-0.113973 -0.118855 0.091458
-0.04976 -0.14483 0.11033
-0.003893 -0.148541 0.113026
0.0328 -0.141119 0.107634
0.06032 -0.126277 0.09685
0.064907 -0.100302 0.077978
0.06032 -0.074327 0.059106
0.04656 -0.055774 0.045626
0.00528 -0.033509 0.029451
-0.04976 -0.018667 0.018667
-0.44432 -0.0213 0.022291
-0.35472 -0.031833 0.036789
-0.27856 -0.047633 0.058535
-0.2248 -0.060799 0.076657
-0.16208 -0.076599 0.098403
-0.12176 -0.089765 0.116525
-0.05904 -0.108198 0.141896
-0.01424 -0.110831 0.145521
0.0216 -0.105565 0.138272
0.04848 -0.095032 0.123774
0.05296 -0.076599 0.098403
0.04848 -0.058166 0.073033
0.03504 -0.044999 0.054911
-0.00528 -0.0292 0.033164
-0.05904 -0.018667 0.018667
-0.444427 -0.020018 0.022826
-0.35696 -0.025424 0.039463
-0.282613 -0.033532 0.064419
-0.230133 -0.04029 0.085215
-0.168907 -0.048398 0.110171
-0.129547 -0.055155 0.130967
-0.06832 -0.064615 0.160082
-0.024587 -0.065967 0.164242
0.0104 -0.063264 0.155923
0.03664 -0.057858 0.139286
0.041013 -0.048398 0.110171
0.03664 -0.038938 0.081056
0.02352 -0.032181 0.060259
-0.01584 -0.024072 0.035304
-0.06832 -0.018667 0.018667
-0.444533 -0.018667 0.022933
-0.3592 -0.018667 0.04
-0.286667 -0.018667 0.0656
-0.235467 -0.018667 0.086933
-0.175733 -0.018667 0.112533
-0.137333 -0.018667 0.133867
-0.0776 -0.018667 0.163733
-0.034933 -0.018667 0.168
-0.0008 -0.018667 0.159467
0.0248 -0.018667 0.1424
0.029067 -0.018667 0.112533
0.0248 -0.018667 0.082667
0.012 -0.018667 0.061333
-0.0264 -0.018667 0.035733
-0.0776 -0.018667 0.018667
-0.44464 -0.017381 0.022623
-0.36144 -0.012239 0.038449
-0.29072 -0.004526 0.062187
-0.2408 0.001902 0.081969
-0.18256 0.009615 0.105707
-0.14512 0.016042 0.125489
-0.08688 0.025041 0.153184
-0.04528 0.026326 0.15714
-0.012 0.023755 0.149228
0.01296 0.018613 0.133402
0.01712 0.009615 0.105707
0.01296 0.000616 0.078013
0.00048 -0.005812 0.058231
-0.03696 -0.013525 0.034492
-0.08688 -0.018667 0.018667
-0.444747 -0.016284 0.021946
-0.36368 -0.006754 0.035063
-0.294773 0.007541 0.054738
-0.246133 0.019453 0.071134
-0.189387 0.033748 0.090809
-0.152907 0.045661 0.107205
-0.09616 0.062338 0.13016
-0.055627 0.06472 0.133439
-0.0232 0.059956 0.126881
0.00112 0.050425 0.113764
0.005173 0.033748 0.090809
0.00112 0.017071 0.067855
-0.01104 0.005158 0.051459
-0.04752 -0.009137 0.031783
-0.09616 -0.018667 0.018667
-0.444853 -0.015474 0.020986
-0.36592 -0.002702 0.030266
-0.298827 0.016455 0.044184
-0.251467 0.03242 0.055783
-0.196213 0.051578 0.069702
-0.160693 0.067542 0.081301
-0.10544 0.089893 0.09754
-0.065973 0.093086 0.099859
-0.0344 0.0867 0.09522
-0.01072 0.073928 0.085941
-0.006773 0.051578 0.069702
-0.01072 0.029227 0.053464
-0.02256 0.013263 0.041865
-0.05808 -0.005895 0.027946
-0.10544 -0.018667 0.018667
-0.44496 -0.015015 0.019853
-0.36816 -0.000406 0.0246
-0.30288 0.021506 0.031719
-0.2568 0.039766 0.037653
-0.20304 0.061679 0.044772
-0.16848 0.079939 0.050706
-0.11472 0.105503 0.059012
-0.07632 0.109155 0.060199
-0.0456 0.101851 0.057825
-0.02256 0.087243 0.053079
-0.01872 0.061679 0.044772
-0.02256 0.036114 0.036466
-0.03408 0.017854 0.030533
-0.06864 -0.004058 0.023413
-0.11472 -0.018667 0.018667
-0.445067 -0.014933 0.018667
-0.3704 0 0.018667
-0.306933 0.0224 0.018667
-0.262133 0.041067 0.018667
-0.209867 0.063467 0.018667
-0.176267 0.082133 0.018667
-0.124 0.108267 0.018667
-0.086667 0.112 0.018667
-0.0568 0.104533 0.018667
-0.0344 0.0896 0.018667
-0.030667 0.063467 0.018667
-0.0344 0.037333 0.018667
-0.0456 0.018667 0.018667
-0.0792 -0.003733 0.018667
-0.124 -0.018667 0.018667
-0.445173 -0.015217 0.017546
-0.37264 -0.001421 0.013063
-0.310987 0.019274 0.006339
-0.267467 0.03652 0.000735
-0.216693 0.057215 -0.005989
-0.184053 0.074461 -0.011592
-0.13328 0.098605 -0.019437
-0.097013 0.102054 -0.020558
-0.068 0.095156 -0.018316
-0.04624 0.081359 -0.013834
-0.042613 0.057215 -0.005989
-0.04624 0.033071 0.001856
-0.05712 0.015825 0.00746
-0.08976 -0.00487 0.014184
-0.13328 -0.018667 0.018667
-0.44528 -0.015819 0.016598
-0.37488 -0.004428 0.008322
-0.31504 0.012659 -0.004092
-0.2728 0.026897 -0.014437
-0.22352 0.043984 -0.026851
-0.19184 0.058222 -0.037196
-0.14256 0.078157 -0.051679
-0.10736 0.081004 -0.053748
-0.0792 0.075309 -0.04961
-0.05808 0.063918 -0.041334
-0.05456 0.043984 -0.026851
-0.05808 0.024049 -0.012368
-0.06864 0.009811 -0.002023
-0.10032 -0.007276 0.010391
-0.14256 -0.018667 0.018667
-0.445387 -0.01666 0.015905
-0.37712 -0.008635 0.004859
-0.319093 0.003403 -0.011709
-0.278133 0.013434 -0.025517
-0.230347 0.025472 -0.042085
-0.199627 0.035504 -0.055892
-0.15184 0.049548 -0.075222
-0.117707 0.051554 -0.077984
-0.0904 0.047541 -0.072461
-0.06992 0.039516 -0.061415
-0.066507 0.025472 -0.042085
-0.06992 0.011428 -0.022755
-0.08016 0.001396 -0.008948
-0.11088 -0.010641 0.007621
-0.15184 -0.018667 0.018667
-0.445493 -0.017645 0.015522
-0.37936 -0.013558 0.002943
-0.323147 -0.007427 -0.015926
-0.283467 -0.002318 -0.031651
-0.237173 0.003813 -0.050519
-0.207413 0.008922 -0.066244
-0.16112 0.016075 -0.088257
-0.128053 0.017097 -0.091402
-0.1016 0.015053 -0.085113
-0.08176 0.010966 -0.072533
-0.078453 0.003813 -0.050519
-0.08176 -0.003339 -0.028506
-0.09168 -0.008449 -0.012782
-0.12144 -0.014579 0.006087
-0.16112 -0.018667 0.018667
-0.4456 -0.018667 0.015467
-0.3816 -0.018667 0.002667
-0.3272 -0.018667 -0.016533
-0.2888 -0.018667 -0.032533
-0.244 -0.018667 -0.051733
-0.2152 -0.018667 -0.067733
-0.1704 -0.018667 -0.090133
-0.1384 -0.018667 -0.093333
-0.1128 -0.018667 -0.086933
-0.0936 -0.018667 -0.074133
-0.0904 -0.018667 -0.051733
-0.0936 -0.018667 -0.029333
-0.1032 -0.018667 -0.013333
-0.132 -0.018667 0.005867
-0.1704 -0.018667 0.018667
-0.445707 -0.019623 0.015725
-0.38384 -0.023446 0.003957
-0.331253 -0.029182 -0.013695
-0.294133 -0.033961 -0.028404
-0.250827 -0.039696 -0.046056
-0.222987 -0.044476 -0.060766
-0.17968 -0.051167 -0.081359
-0.148747 -0.052123 -0.084301
-0.124 -0.050211 -0.078417
-0.10544 -0.046388 -0.066649
-0.102347 -0.039696 -0.046056
-0.10544 -0.033005 -0.025462
-0.11472 -0.028226 -0.010753
-0.14256 -0.02249 0.006899
-0.17968 -0.018667 0.018667
-0.445813 -0.020422 0.01625
-0.38608 -0.027444 0.006585
-0.335307 -0.037977 -0.007912
-0.299467 -0.046755 -0.019994
-0.257653 -0.057288 -0.034491
-0.230773 -0.066066 -0.046572
-0.18896 -0.078354 -0.063486
-0.159093 -0.08011 -0.065903
-0.1352 -0.076599 -0.06107
-0.11728 -0.069577 -0.051405
-0.114293 -0.057288 -0.034491
-0.11728 -0.044999 -0.017577
-0.12624 -0.036222 -0.005496
-0.15312 -0.025689 0.009002
-0.18896 -0.018667 0.018667
-0.44592 -0.020997 0.016974
-0.38832 -0.030316 0.010203
-0.33936 -0.044296 4.6e-05
-0.3048 -0.055946 -0.008418
-0.26448 -0.069926 -0.018575
-0.23856 -0.081576 -0.027039
-0.19824 -0.097886 -0.038889
-0.16944 -0.100216 -0.040582
-0.1464 -0.095556 -0.037196
-0.12912 -0.086236 -0.030425
-0.12624 -0.069926 -0.018575
-0.12912 -0.053616 -0.006726
-0.13776 -0.041966 0.001738
-0.16368 -0.027987 0.011895
-0.19824 -0.018667 0.018667
-0.446027 -0.021304 0.01781
-0.39056 -0.031855 0.014382
-0.343413 -0.04768 0.00924
-0.310133 -0.060868 0.004955
-0.271307 -0.076694 -0.000187
-0.246347 -0.089882 -0.004473
-0.20752 -0.108345 -0.010472
-0.179787 -0.110983 -0.011329
-0.1576 -0.105707 -0.009615
-0.14096 -0.095157 -0.006187
-0.138187 -0.076694 -0.000187
-0.14096 -0.058231 0.005812
-0.14928 -0.045043 0.010097
-0.17424 -0.029217 0.015239
-0.20752 -0.018667 0.018667
-0.446133 -0.021333 0.018667
-0.3928 -0.032 0.018667
-0.347467 -0.048 0.018667
-0.315467 -0.061333 0.018667
-0.278133 -0.077333 0.018667
-0.254133 -0.090667 0.018667
-0.2168 -0.109333 0.018667
-0.190133 -0.112 0.018667
-0.1688 -0.106667 0.018667
-0.1528 -0.096 0.018667
-0.150133 -0.077333 0.018667
-0.1528 -0.058667 0.018667
-0.1608 -0.045333 0.018667
-0.1848 -0.029333 0.018667
-0.2168 -0.018667 0.018667
-0.44624 -0.021101 0.019458
-0.39504 -0.03084 0.022622
-0.35152 -0.045448 0.027369
-0.3208 -0.057622 0.031324
-0.28496 -0.07223 0.03607
-0.26192 -0.084404 0.040026
-0.22608 -0.101447 0.045564
-0.20048 -0.103881 0.046355
-0.18 -0.099012 0.044772
-0.16464 -0.089273 0.041608
-0.16208 -0.07223 0.03607
-0.16464 -0.055187 0.030533
-0.17232 -0.043014 0.026578
-0.19536 -0.028406 0.021831
-0.22608 -0.018667 0.018667
-0.446347 -0.020652 0.020109
-0.39728 -0.028591 0.025877
-0.355573 -0.040499 0.034529
-0.326133 -0.050423 0.041739
-0.291787 -0.062332 0.050391
-0.269707 -0.072256 0.057602
-0.23536 -0.086149 0.067696
-0.210827 -0.088134 0.069138
-0.1912 -0.084165 0.066254
-0.17648 -0.076225 0.060486
-0.174027 -0.062332 0.050391
-0.17648 -0.048439 0.040297
-0.18384 -0.038514 0.033087
-0.20592 -0.026606 0.024435
-0.23536 -0.018667 0.018667
-0.446453 -0.020046 0.020565
-0.39952 -0.025563 0.028159
-0.359627 -0.033839 0.03955
-0.331467 -0.040736 0.049043
-0.298613 -0.049012 0.060433
-0.277493 -0.055909 0.069926
-0.24464 -0.065564 0.083215
-0.221173 -0.066943 0.085114
-0.2024 -0.064185 0.081317
-0.18832 -0.058667 0.073723
-0.185973 -0.049012 0.060433
-0.18832 -0.039357 0.047144
-0.19536 -0.03246 0.037652
-0.21648 -0.024184 0.026261
-0.24464 -0.018667 0.018667
-0.44656 -0.019359 0.020797
-0.40176 -0.022128 0.029319
-0.36368 -0.026281 0.042101
-0.3368 -0.029742 0.052752
-0.30544 -0.033895 0.065535
-0.28528 -0.037356 0.076187
-0.25392 -0.042201 0.091099
-0.23152 -0.042894 0.09323
-0.2136 -0.041509 0.088969
-0.20016 -0.03874 0.080447
-0.19792 -0.033895 0.065535
-0.20016 -0.02905 0.050622
-0.20688 -0.025589 0.03997
-0.22704 -0.021435 0.027188
-0.25392 -0.018667 0.018667
-0.446667 -0.018667 0.0208
-0.404 -0.018667 0.029333
-0.367733 -0.018667 0.042133
-0.342133 -0.018667 0.0528
-0.312267 -0.018667 0.0656
-0.293067 -0.018667 0.076267
-0.2632 -0.018667 0.0912
-0.241867 -0.018667 0.093333
-0.2248 -0.018667 0.089067
-0.212 -0.018667 0.080533
-0.209867 -0.018667 0.0656
-0.212 -0.018667 0.050667
-0.2184 -0.018667 0.04
-0.2376 -0.018667 0.0272
-0.2632 -0.018667 0.018667
-0.446773 -0.01804 0.020594
-0.40624 -0.015535 0.028304
-0.371787 -0.011778 0.039869
-0.347467 -0.008646 0.049506
-0.319093 -0.004889 0.061071
-0.300853 -0.001757 0.070708
-0.27248 0.002627 0.084201
-0.252213 0.003253 0.086128
-0.236 0.002 0.082273
-0.22384 -0.000505 0.074563
-0.221813 -0.004889 0.061071
-0.22384 -0.009273 0.047579
-0.22992 -0.012404 0.037941
-0.24816 -0.016162 0.026377
-0.27248 -0.018667 0.018667
-0.44688 -0.017538 0.02022
-0.40848 -0.013024 0.026433
-0.37584 -0.006253 0.035753
-0.3528 -0.00061 0.04352
-0.32592 0.006161 0.052839
-0.30864 0.011804 0.060606
-0.28176 0.019704 0.071479
-0.26256 0.020832 0.073033
-0.2472 0.018575 0.069926
-0.23568 0.014061 0.063713
-0.23376 0.006161 0.052839
-0.23568 -0.001738 0.041966
-0.24144 -0.007381 0.0342
-0.25872 -0.014152 0.02488
-0.28176 -0.018667 0.018667
-0.446987 -0.0172 0.019732
-0.41072 -0.011332 0.023996
-0.379893 -0.002529 0.030391
-0.358133 0.004806 0.03572
-0.332747 0.013608 0.042115
-0.316427 0.020943 0.047445
-0.29104 0.031212 0.054906
-0.272907 0.032679 0.055971
-0.2584 0.029745 0.05384
-0.24752 0.023877 0.049576
-0.245707 0.013608 0.042115
-0.24752 0.003339 0.034654
-0.25296 -0.003996 0.029325
-0.26928 -0.012799 0.02293
-0.29104 -0.018667 0.018667
-0.447093 -0.017043 0.019194
-0.41296 -0.010551 0.021304
-0.383947 -0.000812 0.024468
-0.363467 0.007304 0.027105
-0.339573 0.017042 0.030269
-0.324213 0.025158 0.032906
-0.30032 0.03652 0.036598
-0.283253 0.038143 0.037125
-0.2696 0.034897 0.03607
-0.25936 0.028404 0.033961
-0.257653 0.017042 0.030269
-0.25936 0.00568 0.026578
-0.26448 -0.002435 0.023941
-0.27984 -0.012174 0.020776
-0.30032 -0.018667 0.018667
-0.4472 -0.017067 0.018667
-0.4152 -0.010667 0.018667
-0.388 -0.001067 0.018667
-0.3688 0.006933 0.018667
-0.3464 0.016533 0.018667
-0.332 0.024533 0.018667
-0.3096 0.035733 0.018667
-0.2936 0.037333 0.018667
-0.2808 0.034133 0.018667
-0.2712 0.027733 0.018667
-0.2696 0.016533 0.018667
-0.2712 0.005333 0.018667
-0.276 -0.002667 0.018667
-0.2904 -0.012267 0.018667
-0.3096 -0.018667 0.018667
-0.193779 0.967171 -0.164408
-0.294261 0.945053 -0.142425
-0.362281 0.922417 -0.133788
-0.387528 0.912216 -0.132984
-0.445358 0.886725 -0.123991
-0.451724 0.883174 -0.126294
-0.251837 0.95372 -0.164305
0.110505 0.971224 -0.210979
0.434231 0.86813 -0.240403
0.883243 0.400075 -0.244586
0.971559 -0.0591858 -0.229281
0.894249 -0.376362 -0.242218
0.620184 -0.75644 -0.207777
0.379578 -0.841145 -0.385222
0 3.92023e-07 -1
-0.194899 0.887181 -0.41824
-0.281814 0.900511 -0.331152
-0.358867 0.887003 -0.290586
-0.390076 0.873936 -0.289958
-0.434855 0.861128 -0.263364
-0.461299 0.842807 -0.277272
-0.310779 0.903239 -0.295931
0.0539225 0.935989 -0.347874
0.387526 0.848427 -0.360548
0.819954 0.486204 -0.302129
0.978297 -0.0482702 -0.201507
0.923683 -0.343904 -0.168936
0.673681 -0.735603 -0.0710121
0.439053 -0.886825 -0.144132
0.229849 -0.82286 -0.519682
-0.194898 0.7144 -0.672047
-0.281807 0.754168 -0.59314
-0.358865 0.753916 -0.550297
-0.390077 0.741681 -0.545665
-0.434844 0.737743 -0.516378
-0.461301 0.71601 -0.523957
-0.310797 0.767544 -0.560608
0.0539132 0.782272 -0.6206
0.38748 0.694678 -0.606038
0.819696 0.367634 -0.439254
0.977701 -0.109811 -0.179002
0.922797 -0.380993 -0.0573637
0.672893 -0.723024 0.156372
0.438204 -0.889044 0.132586
0.22848 -0.941917 -0.246149
-0.194898 0.471568 -0.860023
-0.281798 0.534061 -0.7971
-0.35886 0.547141 -0.756212
-0.390077 0.536923 -0.748033
-0.434838 0.542261 -0.718936
-0.461298 0.519256 -0.719429
-0.31082 0.556689 -0.770382
0.0539036 0.551645 -0.832335
0.387431 0.472306 -0.791722
0.819434 0.211996 -0.532528
0.97708 -0.162069 -0.138015
0.921874 -0.382689 0.0608079
0.672071 -0.641833 0.369284
0.437326 -0.806965 0.396929
0.227114 -0.972543 0.0507781
-0.194899 0.182455 -0.963704
-0.281793 0.261674 -0.923103
-0.358859 0.286887 -0.88821
-0.390074 0.279692 -0.877277
-0.434832 0.293792 -0.851239
-0.461299 0.271759 -0.844601
-0.310839 0.291325 -0.904715
0.053894 0.266771 -0.962252
0.387384 0.203245 -0.899236
0.819155 0.0348236 -0.572514
0.976437 -0.199576 -0.0820972
0.920917 -0.34846 0.174605
0.671216 -0.499669 0.54754
0.436408 -0.648428 0.62377
0.225688 -0.911843 0.342938
-0.194898 -0.124472 -0.972893
-0.281785 -0.0362922 -0.958791
-0.358858 -0.00141124 -0.933391
-0.390071 -0.00487603 -0.920772
-0.434824 0.0166258 -0.900362
-0.461302 -0.0022802 -0.88724
-0.310858 -0.00256498 -0.950453
0.0538779 -0.0443542 -0.997562
0.38734 -0.0859351 -0.917923
0.818863 -0.146153 -0.55507
0.975765 -0.218203 -0.0164236
0.91992 -0.281127 0.273341
0.670331 -0.309921 0.674245
0.435464 -0.428396 0.791737
0.224233 -0.765564 0.603019
-0.194898 -0.419173 -0.88674
-0.281776 -0.330687 -0.900693
-0.358857 -0.289575 -0.887338
-0.390073 -0.288968 -0.874266
-0.434815 -0.262155 -0.861517
-0.461303 -0.276089 -0.843193
-0.310877 -0.2962 -0.903117
0.053866 -0.351133 -0.934775
0.387287 -0.366681 -0.845904
0.818563 -0.312767 -0.481801
0.975064 -0.215565 0.0527515
0.91888 -0.186623 0.347608
0.669406 -0.0905073 0.737363
0.434479 -0.167726 0.884927
0.222754 -0.547403 0.806679
-0.194898 -0.672876 -0.713619
-0.281768 -0.592744 -0.754494
-0.358851 -0.549397 -0.754579
-0.390074 -0.544803 -0.742315
-0.434812 -0.515329 -0.738495
-0.461302 -0.522919 -0.716768
-0.310901 -0.56083 -0.76734
0.053855 -0.623398 -0.780048
0.387233 -0.611224 -0.690258
0.818247 -0.448233 -0.359942
0.974335 -0.191299 0.118641
0.917801 -0.0734653 0.390185
0.668449 0.137903 0.730861
0.433466 0.10899 0.894555
0.221225 -0.277936 0.934779
-0.194895 -0.860515 -0.47067
-0.28176 -0.796815 -0.534506
-0.358851 -0.75554 -0.548074
-0.390071 -0.747384 -0.53783
-0.434805 -0.718145 -0.543335
-0.461304 -0.718656 -0.52032
-0.310918 -0.770535 -0.556422
0.0538395 -0.834366 -0.548575
0.387177 -0.795385 -0.466323
0.817915 -0.538857 -0.201614
0.973574 -0.147213 0.174591
0.916676 0.0480088 0.396738
0.667454 0.353704 0.655286
0.432416 0.375638 0.819703
0.219697 0.0178444 0.975405
-0.194894 -0.963896 -0.181439
-0.281753 -0.922958 -0.262227
-0.35885 -0.887851 -0.288005
-0.390069 -0.876932 -0.280779
-0.434797 -0.850804 -0.295101
-0.461308 -0.84418 -0.273048
-0.310939 -0.904781 -0.291013
0.053829 -0.96326 -0.263119
0.38712 -0.900907 -0.196227
0.817571 -0.575383 -0.0226545
0.972778 -0.0871204 0.214739
0.915501 0.166551 0.366223
0.666415 0.536542 0.517701
0.43132 0.606978 0.667488
0.218106 0.311963 0.924721
-0.194892 -0.972756 0.125551
-0.28174 -0.958827 0.0356885
-0.358844 -0.933398 0.000194465
-0.390072 -0.920777 0.00370911
-0.434788 -0.900352 -0.0180443
-0.461309 -0.887239 0.000889154
-0.310963 -0.950418 0.00289428
0.0538132 -0.997385 0.048248
0.387051 -0.917322 0.0933398
0.817209 -0.553985 0.158963
0.97195 -0.0165131 0.234608
0.914278 0.271076 0.301021
0.665335 0.66916 0.33099
0.430186 0.781286 0.452252
0.216477 0.577001 0.787533
-0.194891 -0.886269 0.420173
-0.281734 -0.900915 0.330117
-0.358843 -0.887739 0.288361
-0.39007 -0.874649 0.287808
-0.434778 -0.861957 0.260765
-0.461309 -0.843635 0.274724
-0.310988 -0.902976 0.296514
0.0537989 -0.933357 0.354895
0.386983 -0.842949 0.37374
0.816826 -0.476651 0.32496
0.971083 0.0578767 0.231622
0.913001 0.351681 0.206761
0.66421 0.739004 0.112682
0.429013 0.882169 0.194234
0.21482 0.788232 0.576665
-0.194892 -0.712881 0.67366
-0.281721 -0.754911 0.592235
-0.358838 -0.755342 0.548356
-0.390069 -0.743053 0.5438
-0.434774 -0.739371 0.514103
-0.461309 -0.717639 0.521716
-0.311011 -0.767106 0.561089
0.053785 -0.777456 0.626634
0.386919 -0.685101 0.617195
0.816427 -0.351 0.458526
0.970175 0.128758 0.205384
0.911668 0.400531 0.0918495
0.663037 0.73943 -0.116725
0.427796 0.900124 -0.0822634
0.213131 0.925932 0.31181
-0.19489 -0.469557 0.861124
-0.28171 -0.535055 0.796464
-0.358833 -0.54916 0.75476
-0.390065 -0.538875 0.746635
-0.434768 -0.544578 0.717225
-0.461314 -0.521555 0.717753
-0.311034 -0.556112 0.770712
0.0537673 -0.545005 0.836707
0.386846 -0.459367 0.799582
0.816014 -0.189572 0.546063
0.969228 0.188958 0.157772
0.910277 0.412658 -0.033304
0.661818 0.670301 -0.335697
0.426532 0.83349 -0.351233
0.211404 0.977238 0.0177036
-0.19489 -0.180242 0.964122
-0.2817 -0.26289 0.922786
-0.358831 -0.289337 0.887426
-0.390063 -0.282062 0.876522
-0.434752 -0.29663 0.850295
-0.461318 -0.274548 0.843688
-0.311063 -0.29065 0.904855
0.0537548 -0.258871 0.964415
0.386767 -0.18806 0.902798
0.815571 -0.00855187 0.578594
0.968235 0.232153 0.0928779
0.908821 0.386431 -0.15721
0.660536 0.538051 -0.523634
0.425207 0.688567 -0.58743
0.209623 0.9374 -0.278098
-0.194888 0.126847 0.972589
-0.281692 0.0350247 0.958865
-0.358829 -0.00123006 0.933402
-0.390066 0.00232334 0.920784
-0.434742 -0.0197065 0.90034
-0.461315 -0.000745985 0.887236
-0.311093 0.00327271 0.950374
0.0537393 0.052791 0.997159
0.38669 0.101963 0.916556
0.815108 0.173819 0.552617
0.967193 0.253497 0.0166186
0.907301 0.323731 -0.268336
0.659207 0.354938 -0.662922
0.423837 0.478933 -0.768755
0.207796 0.810216 -0.548061
-0.194883 0.421415 0.885681
-0.281678 0.329474 0.901168
-0.358825 0.286964 0.888198
-0.390065 0.286465 0.875093
-0.434733 0.259141 0.862469
-0.461314 0.27312 0.844153
-0.311119 0.296871 0.902814
0.0537176 0.359281 0.931682
0.386608 0.381949 0.839434
0.814621 0.339077 0.470553
0.966105 0.250145 -0.0637815
0.905712 0.229851 -0.356166
0.657815 0.138073 -0.740416
0.422423 0.224172 -0.87824
0.205968 0.607399 -0.767231
-0.194883 0.674711 0.711889
-0.281668 0.591696 0.755354
-0.358823 0.54713 0.756237
-0.390063 0.542611 0.743925
-0.434723 0.512668 0.740397
-0.461319 0.520311 0.718653
-0.311145 0.561389 0.766832
0.0536985 0.630407 0.774405
0.386521 0.624129 0.679017
0.81411 0.470415 0.340493
0.964961 0.221646 -0.14044
0.904044 0.113026 -0.412224
0.656355 -0.092292 -0.748786
0.420935 -0.0517173 -0.905615
0.204075 0.347994 -0.915016
-0.194882 0.861799 0.46832
-0.281654 0.796062 0.535683
-0.358817 0.753842 0.550429
-0.390063 0.745748 0.540103
-0.434713 0.716135 0.546055
-0.46132 0.71669 0.52301
-0.311176 0.77092 0.555745
0.0536833 0.839438 0.540798
0.386423 0.804445 0.45116
0.813574 0.554362 0.175443
0.963759 0.17 -0.205595
0.902297 -0.0162666 -0.430808
0.654842 -0.3147 -0.687129
0.419401 -0.323085 -0.848362
0.202124 0.0561914 -0.977747
-0.194884 0.964386 0.17883
-0.281643 0.92258 0.263674
-0.358812 0.886924 0.290894
-0.390061 0.876043 0.283549
-0.434704 0.849695 0.298413
-0.461323 0.843109 0.276314
-0.311208 0.904942 0.290225
0.0536682 0.965752 0.253856
0.386325 0.90494 0.17843
0.813005 0.582202 -0.00797652
0.962501 0.0995609 -0.25235
0.90047 -0.14626 -0.409587
0.65325 -0.508335 -0.561123
0.417797 -0.564559 -0.711842
0.200167 -0.241126 -0.949627
-0.194887 0.972394 -0.128333
-0.281631 0.958914 -0.034189
-0.358809 0.933406 0.00292881
-0.390056 0.920791 -0.000692811
-0.434689 0.90032 0.0216534
-0.461322 0.887229 0.00266768
-0.311241 0.950324 -0.00372713
0.0536478 0.996865 -0.05816
0.386226 0.915565 -0.112119
0.812401 0.550855 -0.191214
0.961175 0.0167322 -0.275432
0.898552 -0.264938 -0.349873
0.651583 -0.655162 -0.382364
0.41612 -0.753599 -0.508855
0.198121 -0.516007 -0.833357
-0.194885 0.885017 -0.422807
-0.281614 0.901478 -0.32868
-0.358804 0.888738 -0.285315
-0.390057 0.87562 -0.284859
-0.434677 0.863079 -0.257198
-0.461322 0.844763 -0.271215
-0.31127 0.902623 -0.297291
0.053623 0.92967 -0.364469
0.386115 0.835192 -0.391623
0.811768 0.463228 -0.355602
0.959779 -0.0706624 -0.271719
0.896537 -0.361115 -0.256547
0.649839 -0.741405 -0.167417
0.414387 -0.872706 -0.258201
0.196061 -0.743241 -0.639651
-0.194881 0.710836 -0.675821
-0.281601 0.755918 -0.591007
-0.358797 0.757311 -0.54566
-0.390059 0.744954 -0.541201
-0.434667 0.741613 -0.510955
-0.461325 0.719861 -0.518633
-0.311301 0.766507 -0.561746
0.0536026 0.770759 -0.634868
0.386004 0.671725 -0.632287
0.811098 0.327978 -0.484305
0.958313 -0.154072 -0.240622
0.894424 -0.425515 -0.137633
0.648014 -0.75895 0.0638251
0.412574 -0.91077 0.016723
0.193952 -0.901649 -0.386537
-0.194879 0.466812 -0.862617
-0.281587 0.536454 -0.795566
-0.358791 0.551958 -0.752736
-0.390054 0.541572 -0.744686
-0.434653 0.547798 -0.714839
-0.461325 0.524735 -0.715424
-0.311337 0.555305 -0.771171
0.0535794 0.535761 -0.842668
0.385882 0.441348 -0.810127
0.81039 0.158664 -0.563998
0.956767 -0.225034 -0.184275
0.892203 -0.45162 -0.00364451
0.646096 -0.706039 0.289945
0.410689 -0.864292 0.290403
0.191793 -0.976583 -0.0974769
-0.194874 0.177029 -0.96472
-0.281572 0.264506 -0.922363
-0.358787 0.292728 -0.886331
-0.390051 0.285334 -0.875468
-0.434639 0.30055 -0.848975
-0.461329 0.278428 -0.842409
-0.311373 0.289719 -0.905047
0.0535622 0.247852 -0.967316
0.385746 0.166921 -0.90738
0.809641 -0.0275989 -0.586276
0.955133 -0.276019 -0.107397
0.889864 -0.436312 0.133316
0.644082 -0.587446 0.489965
0.40871 -0.737633 0.537451
0.189578 -0.961132 0.200712
-0.194876 -0.130127 -0.972158
-0.281555 -0.0331955 -0.958971
-0.358783 0.00494548 -0.933408
-0.39005 0.00124859 -0.920793
-0.434622 0.0239946 -0.900293
-0.46133 0.00497327 -0.887215
-0.311418 -0.00426129 -0.950263
0.0535384 -0.0645806 -0.996475
0.385616 -0.124251 -0.914255
0.808844 -0.211844 -0.548537
0.953413 -0.301195 -0.0168746
0.887406 -0.380205 0.260682
0.641969 -0.413974 0.645369
0.406647 -0.542535 0.735047
0.187301 -0.85681 0.480412
-0.194871 -0.424589 -0.884166
-0.281541 -0.327767 -0.901833
-0.358777 -0.283303 -0.889392
-0.390045 -0.282933 -0.87625
-0.434604 -0.254883 -0.863802
-0.461328 -0.268933 -0.845489
-0.311458 -0.297807 -0.902388
0.0535031 -0.370697 -0.927212
0.385475 -0.403179 -0.829973
0.808004 -0.375181 -0.454278
0.951595 -0.297093 0.0787577
0.884815 -0.287666 0.366539
0.639747 -0.20154 0.741691
0.404501 -0.296966 0.86498
0.184998 -0.673228 0.715919
-0.19487 -0.677333 -0.709398
-0.281523 -0.590211 -0.756568
-0.358772 -0.543895 -0.758592
-0.390044 -0.539492 -0.7462
-0.43459 -0.508883 -0.743081
-0.461329 -0.516596 -0.721321
-0.3115 -0.562172 -0.766114
0.0534805 -0.640232 -0.766318
0.385313 -0.642019 -0.662832
0.807109 -0.500711 -0.312831
0.949671 -0.263009 0.17015
0.882083 -0.16648 0.440696
0.637419 0.0303615 0.769919
0.402257 -0.0236911 0.91522
0.182653 -0.427314 0.88546
-0.194867 -0.863619 -0.464961
-0.281505 -0.795004 -0.53733
-0.358768 -0.751403 -0.553786
-0.390043 -0.743397 -0.543348
-0.434574 -0.713261 -0.549913
-0.461329 -0.713879 -0.526832
-0.311542 -0.771464 -0.554784
0.0534549 -0.846534 -0.529644
0.385149 -0.816866 -0.429407
0.806153 -0.575288 -0.13842
0.947638 -0.201169 0.248018
0.879205 -0.0271898 0.475667
0.63496 0.260445 0.72732
0.399905 0.252118 0.881199
0.180234 -0.14192 0.973332
-0.194865 -0.965084 -0.175043
-0.281487 -0.922059 -0.265656
-0.358759 -0.885592 -0.29499
-0.390041 -0.874761 -0.287508
-0.434557 -0.848093 -0.303149
-0.461332 -0.841552 -0.281003
-0.311586 -0.90517 -0.289104
0.0534215 -0.969168 -0.240542
0.384982 -0.910164 -0.152938
0.805141 -0.590867 0.0512304
0.945485 -0.116667 0.304052
0.876169 0.117797 0.467389
0.632373 0.467622 0.617604
0.397445 0.505108 0.766096
0.177757 0.156674 0.971522
-0.194867 -0.971856 0.13237
-0.281467 -0.959037 0.032018
-0.358751 -0.933404 -0.00743654
-0.390037 -0.920792 -0.00363695
-0.43454 -0.900252 -0.0268637
-0.461334 -0.887192 -0.00781252
-0.311635 -0.950189 0.00490044
0.0533943 -0.995943 0.0724273
0.384791 -0.912475 0.139015
0.804061 -0.545408 0.236677
0.943197 -0.0170393 0.331797
0.872957 0.25526 0.415677
0.629651 0.63281 0.450656
0.394887 0.712147 0.580441
0.175241 0.441024 0.88022
-0.19486 -0.883124 0.426757
-0.281449 -0.902271 0.326641
-0.358744 -0.89018 0.280861
-0.390031 -0.877016 0.280567
-0.43452 -0.86468 0.252033
-0.461337 -0.846372 0.266125
-0.311685 -0.902105 0.298426
0.0533685 -0.924142 0.378304
0.384593 -0.823414 0.417226
0.802907 -0.44314 0.398708
0.940773 0.0883958 0.32731
0.869561 0.372432 0.324279
0.626777 0.740794 0.241607
0.392201 0.854218 0.341305
0.172671 0.684928 0.707855
-0.194857 -0.707784 0.679023
-0.281422 -0.757397 0.589196
-0.358736 -0.76017 0.54171
-0.390031 -0.747721 0.537391
-0.434494 -0.744875 0.506336
-0.461337 -0.723102 0.514093
-0.311739 -0.765628 0.562702
0.0533279 -0.760802 0.64679
0.384387 -0.651761 0.6538
0.801673 -0.29418 0.520364
0.938197 0.189342 0.289718
0.865972 0.458085 0.200626
0.623746 0.781571 0.00938495
0.389377 0.918365 0.0706562
0.170046 0.865978 0.470283
-0.194856 -0.462722 0.864823
-0.281405 -0.538499 0.794248
-0.358725 -0.556079 0.749728
-0.390027 -0.545549 0.741792
-0.434473 -0.552523 0.711303
-0.461334 -0.529417 0.711961
-0.311797 -0.554132 0.771829
0.0532884 -0.522032 0.851259
0.384158 -0.414577 0.824953
0.800364 -0.113566 0.58866
0.935455 0.275522 0.221385
0.862169 0.503592 0.0553089
0.620548 0.751215 -0.224935
0.386441 0.898787 -0.20699
0.167334 0.967509 0.18954
-0.194853 -0.172268 0.965586
-0.281378 -0.266989 0.921707
-0.358714 -0.297787 0.884674
-0.390022 -0.290208 0.873877
-0.434454 -0.306382 0.846983
-0.461331 -0.284207 0.840476
-0.311853 -0.28834 0.905322
0.0532469 -0.231436 0.971392
0.383912 -0.135564 0.913364
0.79895 0.080195 0.596026
0.932541 0.337691 0.127799
0.858139 0.503796 -0.0989352
0.617166 0.652282 -0.440039
0.383345 0.797311 -0.466199
0.164624 0.980317 -0.108982
-0.194851 0.135115 0.971482
-0.281355 0.0305702 0.959117
-0.358706 -0.0105138 0.933391
-0.390014 -0.00662735 0.920785
-0.434432 -0.0304335 0.90019
-0.461336 -0.0113431 0.887153
-0.311903 0.0057068 0.950097
0.0532021 0.0822169 0.995193
0.383651 0.15732 0.909979
0.797438 0.267058 0.541084
0.929432 0.368591 0.0172313
0.853863 0.457501 -0.248214
0.613583 0.493509 -0.616413
0.380108 0.623189 -0.683486
0.161799 0.903254 -0.397434
-0.194849 0.429243 0.881921
-0.281327 0.325116 0.902859
-0.358695 0.277756 0.891173
-0.390012 0.277586 0.877973
-0.4344 0.248429 0.865783
-0.461338 0.262575 0.84748
-0.311966 0.299193 0.901754
0.0531645 0.387806 0.920206
0.383362 0.434627 0.814943
0.795813 0.427429 0.428935
0.926111 0.363752 -0.100017
0.849328 0.367705 -0.378728
0.609808 0.288995 -0.737981
0.376723 0.392212 -0.839196
0.158951 0.743355 -0.649737
-0.194846 0.681363 0.705534
-0.281298 0.587956 0.758406
-0.358682 0.538948 0.762156
-0.390008 0.534722 0.749644
-0.434375 0.503108 0.747129
-0.461337 0.510905 0.725358
-0.312032 0.563348 0.765033
0.0531241 0.654984 0.753773
0.383054 0.668363 0.637621
0.794072 0.544219 0.270695
0.922568 0.322017 -0.21254
0.844503 0.241471 -0.478023
0.605797 0.0570616 -0.793571
0.373163 0.125325 -0.919262
0.156043 0.5153 -0.842684
-0.194844 0.866371 0.459823
-0.281267 0.793339 0.53991
-0.358671 0.747618 0.558948
-0.390005 0.739746 0.548336
-0.434345 0.708799 0.555832
-0.461335 0.709507 0.5327
-0.312107 0.772288 0.553317
0.0530843 0.857147 0.512329
0.382724 0.834834 0.395694
0.792186 0.604687 0.0824366
0.918779 0.24587 -0.308858
0.839382 0.0892569 -0.536163
0.601551 -0.18157 -0.777926
0.369426 -0.153387 -0.916513
0.153044 0.240129 -0.958601
-0.194835 0.966173 0.168963
-0.281242 0.921244 0.268724
-0.358657 0.883478 0.301383
-0.39 0.872727 0.293679
-0.434315 0.845551 0.310505
-0.46133 0.839085 0.28829
-0.312177 0.905515 0.287381
0.0530309 0.974104 0.219793
0.382369 0.917018 0.113455
0.790152 0.601757 -0.116399
0.914711 0.141338 -0.378585
0.833921 -0.0757386 -0.546662
0.597048 -0.405508 -0.692168
0.365512 -0.418895 -0.831221
0.150032 -0.0572791 -0.98702
-0.194823 0.97099 -0.138644
-0.28121 0.959217 -0.0286899
-0.358647 0.933361 0.0144819
-0.389992 0.920759 0.0104604
-0.43428 0.900096 0.0350335
-0.461329 0.887087 0.015892
-0.312256 0.949974 -0.00673382
0.0529807 0.99409 -0.0947495
0.381985 0.906348 -0.180612
0.787963 0.534901 -0.304952
0.910363 0.0174784 -0.413442
0.828107 -0.238851 -0.507137
0.592267 -0.594679 -0.54367
0.361399 -0.647314 -0.6711
0.146918 -0.349438 -0.925369
-0.194818 0.880181 -0.432812
-0.281172 0.90357 -0.323271
-0.358631 0.89244 -0.273742
-0.389985 0.879197 -0.273722
-0.434241 0.867179 -0.243792
-0.461329 0.848893 -0.257985
-0.312336 0.901298 -0.300181
0.0529166 0.914976 -0.400024
0.381567 0.803617 -0.456734
0.785584 0.410323 -0.463134
0.905688 -0.11422 -0.408267
0.821915 -0.38516 -0.419652
0.587196 -0.732053 -0.345396
0.357089 -0.818262 -0.450484
0.143781 -0.610015 -0.779236
-0.194812 0.702853 -0.684139
-0.281137 0.759738 -0.58631
-0.358614 0.76474 -0.535321
-0.389974 0.752136 -0.531236
-0.434204 0.750052 -0.498888
-0.461324 0.728277 -0.506747
-0.312426 0.764249 -0.564193
0.0528602 0.744498 -0.665529
0.381107 0.618948 -0.686776
0.783014 0.240374 -0.573681
0.900655 -0.240966 -0.361601
0.815294 -0.500774 -0.290724
0.581798 -0.805201 -0.114725
0.352532 -0.916469 -0.189223
0.140555 -0.815061 -0.562068
-0.194809 0.455975 -0.86841
-0.281099 0.541794 -0.792113
-0.3586 0.562734 -0.744806
-0.389961 0.551988 -0.737047
-0.434169 0.56014 -0.705508
-0.461317 0.537003 -0.706268
-0.312521 0.552262 -0.772876
0.0527895 0.499528 -0.864688
0.380612 0.370868 -0.847108
0.780221 0.0424745 -0.62406
0.895254 -0.349805 -0.275967
0.80823 -0.574167 -0.130754
0.576061 -0.807311 0.128072
0.347764 -0.933295 0.0895643
0.137254 -0.94599 -0.293709
-0.194796 0.164343 -0.966978
-0.281053 0.270943 -0.920651
-0.358583 0.306066 -0.881897
-0.389954 0.298226 -0.871205
-0.434117 0.315929 -0.843642
-0.461318 0.293676 -0.837222
-0.312612 0.286118 -0.905765
0.0527082 0.204404 -0.977467
0.380063 0.0844271 -0.921099
0.777179 -0.162709 -0.60788
0.88942 -0.428919 -0.157989
0.800684 -0.59726 0.0467589
0.569968 -0.737831 0.361583
0.342768 -0.867235 0.361129
0.13393 -0.990989 0.0016143
-0.194793 -0.143469 -0.970295
-0.281014 -0.026131 -0.959348
-0.358555 0.0198109 -0.933298
-0.389949 0.0155696 -0.920705
-0.434067 0.0411673 -0.899939
-0.46131 0.0219723 -0.886967
-0.312719 -0.00808252 -0.949811
0.0526422 -0.111396 -0.992381
0.379455 -0.211193 -0.900784
0.773858 -0.353273 -0.525682
0.883114 -0.46882 -0.0177933
0.792595 -0.566253 0.226165
0.563458 -0.602518 0.565232
0.337493 -0.724246 0.601304
0.130548 -0.945913 0.296996
-0.194784 -0.437292 -0.877972
-0.280968 -0.320764 -0.904526
-0.358536 -0.26834 -0.894117
-0.389928 -0.268501 -0.880831
-0.434026 -0.237541 -0.86902
-0.461302 -0.251797 -0.850764
-0.312832 -0.301486 -0.90069
0.0525648 -0.416269 -0.907721
0.378798 -0.485685 -0.787796
0.770235 -0.508399 -0.385057
0.876314 -0.463365 0.131785
0.783937 -0.482086 0.391197
0.556524 -0.412819 0.721014
0.331948 -0.516998 0.789002
0.127036 -0.815038 0.56531
-0.194767 -0.688245 -0.698845
-0.280917 -0.584121 -0.761504
-0.358516 -0.530424 -0.76819
-0.389917 -0.526488 -0.755497
-0.433957 -0.493147 -0.753981
-0.461297 -0.501084 -0.732202
-0.312955 -0.565319 -0.7632
0.0524666 -0.67957 -0.731732
0.378073 -0.710689 -0.593281
0.766259 -0.610605 -0.200023
0.868947 -0.410658 0.276209
0.774667 -0.350491 0.526352
0.54913 -0.185028 0.814997
0.326122 -0.263687 0.907807
0.123539 -0.61002 0.782697
-0.194758 -0.871045 -0.450943
-0.280849 -0.790441 -0.544359
-0.358483 -0.740953 -0.567872
-0.389909 -0.733328 -0.556957
-0.433897 -0.700958 -0.566031
-0.461286 -0.701781 -0.54288
-0.313087 -0.773662 -0.55084
0.0523745 -0.874671 -0.48188
0.377261 -0.86267 -0.336861
0.761901 -0.647611 0.0102949
0.860954 -0.313381 0.400687
0.764725 -0.181745 0.618194
0.541268 0.0613469 0.838609
0.320002 0.0134268 0.947322
0.119912 -0.349841 0.929103
-0.194755 -0.968041 -0.158012
-0.280797 -0.919766 -0.274198
-0.358448 -0.879633 -0.312666
-0.389891 -0.869043 -0.304547
-0.433842 -0.840938 -0.323426
-0.461271 -0.834589 -0.301147
-0.313223 -0.906096 -0.284398
0.0522741 -0.981701 -0.183113
0.376369 -0.925389 -0.044743
0.757105 -0.613868 0.223514
0.852281 -0.178768 0.491588
0.754052 0.010119 0.656736
0.532866 0.304945 0.789343
0.313592 0.290232 0.904116
0.116298 -0.0576173 0.991542
-0.19474 -0.969269 0.150311
-0.28074 -0.959515 0.0227334
-0.358418 -0.933164 -0.0272165
-0.389861 -0.920592 -0.0227729
-0.433762 -0.899655 -0.0497109
-0.461259 -0.886742 -0.0304726
-0.313363 -0.949581 0.0099398
0.0521405 -0.989537 0.134531
0.375366 -0.891703 0.252914
0.751823 -0.511304 0.41633
0.84285 -0.0181982 0.53784
0.742585 0.208555 0.636453
0.523864 0.524729 0.670989
0.306789 0.542377 0.782117
0.11256 0.239768 0.964283
-0.194718 -0.87477 0.443691
-0.280662 -0.905866 0.317232
-0.358386 -0.896426 0.26073
-0.389845 -0.883082 0.261127
-0.433674 -0.871574 0.228662
-0.461246 -0.85335 0.242995
-0.313527 -0.899836 0.303309
0.0520324 -0.897008 0.438941
0.374243 -0.764377 0.525042
0.745986 -0.34938 0.566955
0.832573 0.153672 0.532173
0.730257 0.3957 0.556907
0.514282 0.701658 0.493144
0.299679 0.748264 0.591857
0.10876 0.515554 0.849927
-0.194702 -0.693242 0.693907
-0.280588 -0.764099 0.580881
-0.358338 -0.773165 0.523269
-0.389818 -0.760285 0.519623
-0.433587 -0.759534 0.484882
-0.461218 -0.737796 0.492885
-0.313706 -0.761718 0.566899
0.0518822 -0.713073 0.699167
0.372983 -0.555993 0.742803
0.739523 -0.14439 0.657463
0.821397 0.320201 0.471993
0.717017 0.554049 0.422984
0.504032 0.820165 0.270705
0.292233 0.890099 0.349748
0.104956 0.745073 0.658673
-0.194682 -0.443271 0.874992
-0.280499 -0.548041 0.788017
-0.358294 -0.575354 0.73525
-0.389789 -0.564209 0.727828
-0.433472 -0.574529 0.694275
-0.461193 -0.551363 0.695198
-0.313898 -0.54879 0.774789
0.0517297 -0.456052 0.888448
0.371563 -0.287768 0.882684
0.732325 0.0821674 0.675979
0.809177 0.464246 0.36015
0.702785 0.668001 0.244678
0.493083 0.869696 0.0223041
0.284382 0.955622 0.0768977
0.101052 0.907383 0.407975
-0.194663 -0.148835 0.969512
-0.280421 -0.278784 0.9185
-0.358237 -0.322278 0.876244
-0.38976 -0.313859 0.865783
-0.433362 -0.334455 0.836861
-0.461157 -0.31217 0.830593
-0.314111 -0.281939 0.906557
0.0515474 -0.151796 0.987067
0.36997 0.0124141 0.928961
0.724325 0.305573 0.618045
0.795811 0.569878 0.204752
0.687457 0.725306 0.0365253
0.481375 0.845474 -0.231196
0.276127 0.939363 -0.203347
0.0970987 0.987968 0.12038
-0.194628 0.160303 0.967689
-0.28031 0.0174556 0.959751
-0.358179 -0.0383435 0.932865
-0.389719 -0.0335259 0.920323
-0.433237 -0.0625035 0.89911
-0.461128 -0.0432362 0.88628
-0.314327 0.0126469 0.949231
0.0513639 0.168763 0.984317
0.368115 0.312831 0.875573
0.715404 0.500503 0.487539
0.781203 0.623995 0.018766
0.670972 0.718374 -0.183673
0.468885 0.748866 -0.468345
0.267471 0.842783 -0.467093
0.0930452 0.97963 -0.177956
-0.194598 0.453986 0.869499
-0.280201 0.311874 0.907867
-0.358114 0.248922 0.899885
-0.389663 0.249766 0.886442
-0.433077 0.215149 0.875303
-0.461086 0.229509 0.857161
-0.314599 0.305993 0.898552
0.051176 0.472647 0.879764
0.366018 0.581055 0.726916
0.705407 0.643749 0.296628
0.765208 0.617855 -0.180865
0.653256 0.645124 -0.396322
0.455541 0.587418 -0.668896
0.258448 0.674011 -0.692036
0.088989 0.883169 -0.460536
-0.194561 0.702659 0.684409
-0.280081 0.575975 0.767989
-0.358036 0.512152 0.780711
-0.389613 0.508869 0.767629
-0.432905 0.471943 0.768026
-0.461023 0.479994 0.746367
-0.314882 0.569238 0.759485
0.0509171 0.728275 0.683391
0.363611 0.787464 0.497683
0.694206 0.716859 0.0647471
0.74765 0.548271 -0.374724
0.63418 0.509511 -0.581561
0.441288 0.374137 -0.815651
0.248948 0.447653 -0.858855
0.084897 0.707173 -0.701926
-0.194515 0.881104 0.431069
-0.279941 0.784148 0.553845
-0.357943 0.726043 0.587145
-0.389549 0.718989 0.575592
-0.432718 0.683548 0.587807
-0.460959 0.684522 0.564753
-0.315187 0.776476 0.545658
0.0506377 0.908498 0.414809
0.360808 0.908306 0.211654
0.681597 0.708458 -0.183067
0.728408 0.418155 -0.542742
0.613637 0.321388 -0.721221
0.426061 0.126382 -0.895823
0.239018 0.182751 -0.953663
0.0806739 0.467824 -0.880132
-0.194466 0.971758 0.133675
-0.279782 0.916384 0.28629
-0.357842 0.87053 0.337826
-0.389466 0.860297 0.328946
-0.432475 0.830025 0.35217
-0.460873 0.823848 0.329955
-0.31555 0.907258 0.278048
0.0503167 0.993575 0.101375
0.357556 0.928461 -0.100573
0.667387 0.615841 -0.418729
0.707278 0.236891 -0.666064
0.59161 0.0956808 -0.800526
0.40984 -0.135416 -0.90205
0.228602 -0.0982312 -0.968551
0.0764528 0.186282 -0.979517
-0.196113 0.980569 -0.00484663
-0.250284 0.955115 0.15847
-0.344294 0.914928 0.210639
-0.382222 0.900344 0.208056
-0.413196 0.886252 0.209347
-0.460449 0.860272 0.218903
-0.358459 0.921517 0.149381
0.0010143 0.998946 -0.0458891
0.317933 0.917754 -0.238003
0.624017 0.611817 -0.486089
0.725281 0.117444 -0.678362
0.615438 -0.0575147 -0.786084
0.446553 -0.316218 -0.837016
0.272641 -0.372933 -0.886898
0.105049 -0.162826 -0.981047
0 1 16
0 16 15
1 2 17
1 17 16
2 3 18
2 18 17
3 4 19
3 19 18
4 5 20
4 20 19
5 6 21
5 21 20
6 7 22
6 22 21
7 8 23
7 23 22
8 9 24
8 24 23
9 10 25
9 25 24
10 11 26
10 26 25
11 12 27
11 27 26
12 13 28
12 28 27
13 14 29
13 29 28
15 16 31
15 31 30
16 17 32
16 32 31
17 18 33
17 33 32
18 19 34
18 34 33
19 20 35
19 35 34
20 21 36
20 36 35
21 22 37
21 37 36
22 23 38
22 38 37
23 24 39
23 39 38
24 25 40
24 40 39
25 26 41
25 41 40
26 27 42
26 42 41
27 28 43
27 43 42
28 29 44
28 44 43
30 31 46
30 46 45
31 32 47
31 47 46
32 33 48
32 48 47
33 34 49
33 49 48
34 35 50
34 50 49
35 36 51
35 51 50
36 37 52
36 52 51
37 38 53
37 53 52
38 39 54
38 54 53
39 40 55
39 55 54
40 41 56
40 56 55
41 42 57
41 57 56
42 43 58
42 58 57
43 44 59
43 59 58
45 46 61
45 61 60
46 47 62
46 62 61
47 48 63
47 63 62
48 49 64
48 64 63
49 50 65
49 65 64
50 51 66
50 66 65
51 52 67
51 67 66
52 53 68
52 68 67
53 54 69
53 69 68
54 55 70
54 70 69
55 56 71
55 71 70
56 57 72
56 72 71
57 58 73
57 73 72
58 59 74
58 74 73
60 61 76
60 76 75
61 62 77
61 77 76
62 63 78
62 78 77
63 64 79
63 79 78
64 65 80
64 80 79
65 66 81
65 81 80
66 67 82
66 82 81
67 68 83
67 83 82
68 69 84
68 84 83
69 70 85
69 85 84
70 71 86
70 86 85
71 72 87
71 87 86
72 73 88
72 88 87
73 74 89
73 89 88
75 76 91
75 91 90
76 77 92
76 92 91
77 78 93
77 93 92
78 79 94
78 94 93
79 80 95
79 95 94
80 81 96
80 96 95
81 82 97
81 97 96
82 83 98
82 98 97
83 84 99
83 99 98
84 85 100
84 100 99
85 86 101
85 101 100
86 87 102
86 102 101
87 88 103
87 103 102
88 89 104
88 104 103
90 91 106
90 106 105
91 92 107
91 107 106
92 93 108
92 108 107
93 94 109
93 109 108
94 95 110
94 110 109
95 96 111
95 111 110
96 97 112
96 112 111
97 98 113
97 113 112
98 99 114
98 114 113
99 100 115
99 115 114
100 101 116
100 116 115
101 102 117
101 117 116
102 103 118
102 118 117
103 104 119
103 119 118
105 106 121
105 121 120
106 107 122
106 122 121
107 108 123
107 123 122
108 109 124
108 124 123
109 110 125
109 125 124
110 111 126
110 126 125
111 112 127
111 127 126
112 113 128
112 128 127
113 114 129
113 129 128
114 115 130
114 130 129
115 116 131
115 131 130
116 117 132
116 132 131
117 118 133
117 133 132
118 119 134
118 134 133
120 121 136
120 136 135
121 122 137
121 137 136
122 123 138
122 138 137
123 124 139
123 139 138
124 125 140
124 140 139
125 126 141
125 141 140
126 127 142
126 142 141
127 128 143
127 143 142
128 129 144
128 144 143
129 130 145
129 145 144
130 131 146
130 146 145
131 132 147
131 147 146
132 133 148
132 148 147
133 134 149
133 149 148
135 136 151
135 151 150
136 137 152
136 152 151
137 138 153
137 153 152
138 139 154
138 154 153
139 140 155
139 155 154
140 141 156
140 156 155
141 142 157
141 157 156
142 143 158
142 158 157
143 144 159
143 159 158
144 145 160
144 160 159
145 146 161
145 161 160
146 147 162
146 162 161
147 148 163
147 163 162
148 149 164
148 164 163
150 151 166
150 166 165
151 152 167
151 167 166
152 153 168
152 168 167
153 154 169
153 169 168
154 155 170
154 170 169
155 156 171
155 171 170
156 157 172
156 172 171
157 158 173
157 173 172
158 159 174
158 174 173
159 160 175
159 175 174
160 161 176
160 176 175
161 162 177
161 177 176
162 163 178
162 178 177
163 164 179
163 179 178
165 166 181
165 181 180
166 167 182
166 182 181
167 168 183
167 183 182
168 169 184
168 184 183
169 170 185
169 185 184
170 171 186
170 186 185
171 172 187
171 187 186
172 173 188
172 188 187
173 174 189
173 189 188
174 175 190
174 190 189
175 176 191
175 191 190
176 177 192
176 192 191
177 178 193
177 193 192
178 179 194
178 194 193
180 181 196
180 196 195
181 182 197
181 197 196
182 183 198
182 198 197
183 184 199
183 199 198
184 185 200
184 200 199
185 186 201
185 201 200
186 187 202
186 202 201
187 188 203
187 203 202
188 189 204
188 204 203
189 190 205
189 205 204
190 191 206
190 206 205
191 192 207
191 207 206
192 193 208
192 208 207
193 194 209
193 209 208
195 196 211
195 211 210
196 197 212
196 212 211
197 198 213
197 213 212
198 199 214
198 214 213
199 200 215
199 215 214
200 201 216
200 216 215
201 202 217
201 217 216
202 203 218
202 218 217
203 204 219
203 219 218
204 205 220
204 220 219
205 206 221
205 221 220
206 207 222
206 222 221
207 208 223
207 223 222
208 209 224
208 224 223
210 211 226
210 226 225
211 212 227
211 227 226
212 213 228
212 228 227
213 214 229
213 229 228
214 215 230
214 230 229
215 216 231
215 231 230
216 217 232
216 232 231
217 218 233
217 233 232
218 219 234
218 234 233
219 220 235
219 235 234
220 221 236
220 236 235
221 222 237
221 237 236
222 223 238
222 238 237
223 224 239
223 239 238
225 226 241
225 241 240
226 227 242
226 242 241
227 228 243
227 243 242
228 229 244
228 244 243
229 230 245
229 245 244
230 231 246
230 246 245
231 232 247
231 247 246
232 233 248
232 248 247
233 234 249
233 249 248
234 235 250
234 250 249
235 236 251
235 251 250
236 237 252
236 252 251
237 238 253
237 253 252
238 239 254
238 254 253
240 241 256
240 256 255
241 242 257
241 257 256
242 243 258
242 258 257
243 244 259
243 259 258
244 245 260
244 260 259
245 246 261
245 261 260
246 247 262
246 262 261
247 248 263
247 263 262
248 249 264
248 264 263
249 250 265
249 265 264
250 251 266
250 266 265
251 252 267
251 267 266
252 253 268
252 268 267
253 254 269
253 269 268
255 256 271
255 271 270
256 257 272
256 272 271
257 258 273
257 273 272
258 259 274
258 274 273
259 260 275
259 275 274
260 261 276
260 276 275
261 262 277
261 277 276
262 263 278
262 278 277
263 264 279
263 279 278
264 265 280
264 280 279
265 266 281
265 281 280
266 267 282
266 282 281
267 268 283
267 283 282
268 269 284
268 284 283
270 271 286
270 286 285
271 272 287
271 287 286
272 273 288
272 288 287
273 274 289
273 289 288
274 275 290
274 290 289
275 276 291
275 291 290
276 277 292
276 292 291
277 278 293
277 293 292
278 279 294
278 294 293
279 280 295
279 295 294
280 281 296
280 296 295
281 282 297
281 297 296
282 283 298
282 298 297
283 284 299
283 299 298
285 286 301
285 301 300
286 287 302
286 302 301
287 288 303
287 303 302
288 289 304
288 304 303
289 290 305
289 305 304
290 291 306
290 306 305
291 292 307
291 307 306
292 293 308
292 308 307
293 294 309
293 309 308
294 295 310
294 310 309
295 296 311
295 311 310
296 297 312
296 312 311
297 298 313
297 313 312
298 299 314
298 314 313
300 301 316
300 316 315
301 302 317
301 317 316
302 303 318
302 318 317
303 304 319
303 319 318
304 305 320
304 320 319
305 306 321
305 321 320
306 307 322
306 322 321
307 308 323
307 323 322
308 309 324
308 324 323
309 310 325
309 325 324
310 311 326
310 326 325
311 312 327
311 327 326
312 313 328
312 328 327
313 314 329
313 329 328
315 316 331
315 331 330
316 317 332
316 332 331
317 318 333
317 333 332
318 319 334
318 334 333
319 320 335
319 335 334
320 321 336
320 336 335
321 322 337
321 337 336
322 323 338
322 338 337
323 324 339
323 339 338
324 325 340
324 340 339
325 326 341
325 341 340
326 327 342
326 342 341
327 328 343
327 343 342
328 329 344
328 344 343
330 331 346
330 346 345
331 332 347
331 347 346
332 333 348
332 348 347
333 334 349
333 349 348
334 335 350
334 350 349
335 336 351
335 351 350
336 337 352
336 352 351
337 338 353
337 353 352
338 339 354
338 354 353
339 340 355
339 355 354
340 341 356
340 356 355
341 342 357
341 357 356
342 343 358
342 358 357
343 344 359
343 359 358
345 346 361
345 361 360
346 347 362
346 362 361
347 348 363
347 363 362
348 349 364
348 364 363
349 350 365
349 365 364
350 351 366
350 366 365
351 352 367
351 367 366
352 353 368
352 368 367
353 354 369
353 369 368
354 355 370
354 370 369
355 356 371
355 371 370
356 357 372
356 372 371
357 358 373
357 373 372
358 359 374
358 374 373
360 361 376
360 376 375
361 362 377
361 377 376
362 363 378
362 378 377
363 364 379
363 379 378
364 365 380
364 380 379
365 366 381
365 381 380
366 367 382
366 382 381
367 368 383
367 383 382
368 369 384
368 384 383
369 370 385
369 385 384
370 371 386
370 386 385
371 372 387
371 387 386
372 373 388
372 388 387
373 374 389
373 389 388
375 376 391
375 391 390
376 377 392
376 392 391
377 378 393
377 393 392
378 379 394
378 394 393
379 380 395
379 395 394
380 381 396
380 396 395
381 382 397
381 397 396
382 383 398
382 398 397
383 384 399
383 399 398
384 385 400
384 400 399
385 386 401
385 401 400
386 387 402
386 402 401
387 388 403
387 403 402
388 389 404
388 404 403
390 391 406
390 406 405
391 392 407
391 407 406
392 393 408
392 408 407
393 394 409
393 409 408
394 395 410
394 410 409
395 396 411
395 411 410
396 397 412
396 412 411
397 398 413
397 413 412
398 399 414
398 414 413
399 400 415
399 415 414
400 401 416
400 416 415
401 402 417
401 417 416
402 403 418
402 418 417
403 404 419
403 419 418
405 406 421
405 421 420
406 407 422
406 422 421
407 408 423
407 423 422
408 409 424
408 424 423
409 410 425
409 425 424
410 411 426
410 426 425
411 412 427
411 427 426
412 413 428
412 428 427
413 414 429
413 429 428
414 415 430
414 430 429
415 416 431
415 431 430
416 417 432
416 432 431
417 418 433
417 433 432
418 419 434
418 434 433
420 421 436
420 436 435
421 422 437
421 437 436
422 423 438
422 438 437
423 424 439
423 439 438
424 425 440
424 440 439
425 426 441
425 441 440
426 427 442
426 442 441
427 428 443
427 443 442
428 429 444
428 444 443
429 430 445
429 445 444
430 431 446
430 446 445
431 432 447
431 447 446
432 433 448
432 448 447
433 434 449
433 449 448
435 436 451
435 451 450
436 437 452
436 452 451
437 438 453
437 453 452
438 439 454
438 454 453
439 440 455
439 455 454
440 441 456
440 456 455
441 442 457
441 457 456
442 443 458
442 458 457
443 444 459
443 459 458
444 445 460
444 460 459
445 446 461
445 461 460
446 447 462
446 462 461
447 448 463
447 463 462
448 449 464
448 464 463
450 451 466
450 466 465
451 452 467
451 467 466
452 453 468
452 468 467
453 454 469
453 469 468
454 455 470
454 470 469
455 456 471
455 471 470
456 457 472
456 472 471
457 458 473
457 473 472
458 459 474
458 474 473
459 460 475
459 475 474
460 461 476
460 476 475
461 462 477
461 477 476
462 463 478
462 478 477
463 464 479
463 479 478
465 466 481
465 481 480
466 467 482
466 482 481
467 468 483
467 483 482
468 469 484
468 484 483
469 470 485
469 485 484
470 471 486
470 486 485
471 472 487
471 487 486
472 473 488
472 488 487
473 474 489
473 489 488
474 475 490
474 490 489
475 476 491
475 491 490
476 477 492
476 492 491
477 478 493
477 493 492
478 479 494
478 494 493
480 481 496
480 496 495
481 482 497
481 497 496
482 483 498
482 498 497
483 484 499
483 499 498
484 485 500
484 500 499
485 486 501
485 501 500
486 487 502
486 502 501
487 488 503
487 503 502
488 489 504
488 504 503
489 490 505
489 505 504
490 491 506
490 506 505
491 492 507
491 507 506
492 493 508
492 508 507
493 494 509
493 509 508
495 496 511
495 511 510
496 497 512
496 512 511
497 498 513
497 513 512
498 499 514
498 514 513
499 500 515
499 515 514
500 501 516
500 516 515
501 502 517
501 517 516
502 503 518
502 518 517
503 504 519
503 519 518
504 505 520
504 520 519
505 506 521
505 521 520
506 507 522
506 522 521
507 508 523
507 523 522
508 509 524
508 524 523
510 511 526
510 526 525
511 512 527
511 527 526
512 513 528
512 528 527
513 514 529
513 529 528
514 515 530
514 530 529
515 516 531
515 531 530
516 517 532
516 532 531
517 518 533
517 533 532
518 519 534
518 534 533
519 520 535
519 535 534
520 521 536
520 536 535
521 522 537
521 537 536
522 523 538
522 538 537
523 524 539
523 539 538
525 526 541
525 541 540
526 527 542
526 542 541
527 528 543
527 543 542
528 529 544
528 544 543
529 530 545
529 545 544
530 531 546
530 546 545
531 532 547
531 547 546
532 533 548
532 548 547
533 534 549
533 549 548
534 535 550
534 550 549
535 536 551
535 551 550
536 537 552
536 552 551
537 538 553
537 553 552
538 539 554
538 554 553
540 541 556
540 556 555
541 542 557
541 557 556
542 543 558
542 558 557
543 544 559
543 559 558
544 545 560
544 560 559
545 546 561
545 561 560
546 547 562
546 562 561
547 548 563
547 563 562
548 549 564
548 564 563
549 550 565
549 565 564
550 551 566
550 566 565
551 552 567
551 567 566
552 553 568
552 568 567
553 554 569
553 569 568
555 556 571
555 571 570
556 557 572
556 572 571
557 558 573
557 573 572
558 559 574
558 574 573
559 560 575
559 575 574
560 561 576
560 576 575
561 562 577
561 577 576
562 563 578
562 578 577
563 564 579
563 579 578
564 565 580
564 580 579
565 566 581
565 581 580
566 567 582
566 582 581
567 568 583
567 583 582
568 569 584
568 584 583
570 571 586
570 586 585
571 572 587
571 587 586
572 573 588
572 588 587
573 574 589
573 589 588
574 575 590
574 590 589
575 576 591
575 591 590
576 577 592
576 592 591
577 578 593
577 593 592
578 579 594
578 594 593
579 580 595
579 595 594
580 581 596
580 596 595
581 582 597
581 597 596
582 583 598
582 598 597
583 584 599
583 599 598
585 586 601
585 601 600
586 587 602
586 602 601
587 588 603
587 603 602
588 589 604
588 604 603
589 590 605
589 605 604
590 591 606
590 606 605
591 592 607
591 607 606
592 593 608
592 608 607
593 594 609
593 609 608
594 595 610
594 610 609
595 596 611
595 611 610
596 597 612
596 612 611
597 598 613
597 613 612
598 599 614
598 614 613
600 601 616
600 616 615
601 602 617
601 617 616
602 603 618
602 618 617
603 604 619
603 619 618
604 605 620
604 620 619
605 606 621
605 621 620
606 607 622
606 622 621
607 608 623
607 623 622
608 609 624
608 624 623
609 610 625
609 625 624
610 611 626
610 626 625
611 612 627
611 627 626
612 613 628
612 628 627
613 614 629
613 629 628
615 616 631
615 631 630
616 617 632
616 632 631
617 618 633
617 633 632
618 619 634
618 634 633
619 620 635
619 635 634
620 621 636
620 636 635
621 622 637
621 637 636
622 623 638
622 638 637
623 624 639
623 639 638
624 625 640
624 640 639
625 626 641
625 641 640
626 627 642
626 642 641
627 628 643
627 643 642
628 629 644
628 644 643
630 631 646
630 646 645
631 632 647
631 647 646
632 633 648
632 648 647
633 634 649
633 649 648
634 635 650
634 650 649
635 636 651
635 651 650
636 637 652
636 652 651
637 638 653
637 653 652
638 639 654
638 654 653
639 640 655
639 655 654
640 641 656
640 656 655
641 642 657
641 657 656
642 643 658
642 658 657
643 644 659
643 659 658
645 646 661
645 661 660
646 647 662
646 662 661
647 648 663
647 663 662
648 649 664
648 664 663
649 650 665
649 665 664
650 651 666
650 666 665
651 652 667
651 667 666
652 653 668
652 668 667
653 654 669
653 669 668
654 655 670
654 670 669
655 656 671
655 671 670
656 657 672
656 672 671
657 658 673
657 673 672
658 659 674
658 674 673
660 661 676
660 676 675
661 662 677
661 677 676
662 663 678
662 678 677
663 664 679
663 679 678
664 665 680
664 680 679
665 666 681
665 681 680
666 667 682
666 682 681
667 668 683
667 683 682
668 669 684
668 684 683
669 670 685
669 685 684
670 671 686
670 686 685
671 672 687
671 687 686
672 673 688
672 688 687
673 674 689
673 689 688
675 676 691
675 691 690
676 677 692
676 692 691
677 678 693
677 693 692
678 679 694
678 694 693
679 680 695
679 695 694
680 681 696
680 696 695
681 682 697
681 697 696
682 683 698
682 698 697
683 684 699
683 699 698
684 685 700
684 700 699
685 686 701
685 701 700
686 687 702
686 702 701
687 688 703
687 703 702
688 689 704
688 704 703
690 691 706
690 706 705
691 692 707
691 707 706
692 693 708
692 708 707
693 694 709
693 709 708
694 695 710
694 710 709
695 696 711
695 711 710
696 697 712
696 712 711
697 698 713
697 713 712
698 699 714
698 714 713
699 700 715
699 715 714
700 701 716
700 716 715
701 702 717
701 717 716
702 703 718
702 718 717
703 704 719
703 719 718
705 706 721
705 721 720
706 707 722
706 722 721
707 708 723
707 723 722
708 709 724
708 724 723
709 710 725
709 725 724
710 711 726
710 726 725
711 712 727
711 727 726
712 713 728
712 728 727
713 714 729
713 729 728
714 715 730
714 730 729
715 716 731
715 731 730
716 717 732
716 732 731
717 718 733
717 733 732
718 719 734
718 734 733
720 721 736
720 736 735
721 722 737
721 737 736
722 723 738
722 738 737
723 724 739
723 739 738
724 725 740
724 740 739
725 726 741
725 741 740
726 727 742
726 742 741
727 728 743
727 743 742
728 729 744
728 744 743
729 730 745
729 745 744
730 731 746
730 746 745
731 732 747
731 747 746
732 733 748
732 748 747
733 734 749
733 749 748
735 736 751
735 751 750
736 737 752
736 752 751
737 738 753
737 753 752
738 739 754
738 754 753
739 740 755
739 755 754
740 741 756
740 756 755
741 742 757
741 757 756
742 743 758
742 758 757
743 744 759
743 759 758
744 745 760
744 760 759
745 746 761
745 761 760
746 747 762
746 762 761
747 748 763
747 763 762
748 749 764
748 764 763
750 751 766
750 766 765
751 752 767
751 767 766
752 753 768
752 768 767
753 754 769
753 769 768
754 755 770
754 770 769
755 756 771
755 771 770
756 757 772
756 772 771
757 758 773
757 773 772
758 759 774
758 774 773
759 760 775
759 775 774
760 761 776
760 776 775
761 762 777
761 777 776
762 763 778
762 778 777
763 764 779
763 779 778
765 766 781
765 781 780
766 767 782
766 782 781
767 768 783
767 783 782
768 769 784
768 784 783
769 770 785
769 785 784
770 771 786
770 786 785
771 772 787
771 787 786
772 773 788
772 788 787
773 774 789
773 789 788
774 775 790
774 790 789
775 776 791
775 791 790
776 777 792
776 792 791
777 778 793
777 793 792
778 779 794
778 794 793
780 781 796
780 796 795
781 782 797
781 797 796
782 783 798
782 798 797
783 784 799
783 799 798
784 785 800
784 800 799
785 786 801
785 801 800
786 787 802
786 802 801
787 788 803
787 803 802
788 789 804
788 804 803
789 790 805
789 805 804
790 791 806
790 806 805
791 792 807
791 807 806
792 793 808
792 808 807
793 794 809
793 809 808
795 796 811
795 811 810
796 797 812
796 812 811
797 798 813
797 813 812
798 799 814
798 814 813
799 800 815
799 815 814
800 801 816
800 816 815
801 802 817
801 817 816
802 803 818
802 818 817
803 804 819
803 819 818
804 805 820
804 820 819
805 806 821
805 821 820
806 807 822
806 822 821
807 808 823
807 823 822
808 809 824
808 824 823
810 811 826
810 826 825
811 812 827
811 827 826
812 813 828
812 828 827
813 814 829
813 829 828
814 815 830
814 830 829
815 816 831
815 831 830
816 817 832
816 832 831
817 818 833
817 833 832
818 819 834
818 834 833
819 820 835
819 835 834
820 821 836
820 836 835
821 822 837
821 837 836
822 823 838
822 838 837
823 824 839
823 839 838
825 826 841
825 841 840
826 827 842
826 842 841
827 828 843
827 843 842
828 829 844
828 844 843
829 830 845
829 845 844
830 831 846
830 846 845
831 832 847
831 847 846
832 833 848
832 848 847
833 834 849
833 849 848
834 835 850
834 850 849
835 836 851
835 851 850
836 837 852
836 852 851
837 838 853
837 853 852
838 839 854
838 854 853
840 841 856
840 856 855
841 842 857
841 857 856
842 843 858
842 858 857
843 844 859
843 859 858
844 845 860
844 860 859
845 846 861
845 861 860
846 847 862
846 862 861
847 848 863
847 863 862
848 849 864
848 864 863
849 850 865
849 865 864
850 851 866
850 866 865
851 852 867
851 867 866
852 853 868
852 868 867
853 854 869
853 869 868
855 856 871
855 871 870
856 857 872
856 872 871
857 858 873
857 873 872
858 859 874
858 874 873
859 860 875
859 875 874
860 861 876
860 876 875
861 862 877
861 877 876
862 863 878
862 878 877
863 864 879
863 879 878
864 865 880
864 880 879
865 866 881
865 881 880
866 867 882
866 882 881
867 868 883
867 883 882
868 869 884
868 884 883
870 871 886
870 886 885
871 872 887
871 887 886
872 873 888
872 888 887
873 874 889
873 889 888
874 875 890
874 890 889
875 876 891
875 891 890
876 877 892
876 892 891
877 878 893
877 893 892
878 879 894
878 894 893
879 880 895
879 895 894
880 881 896
880 896 895
881 882 897
881 897 896
882 883 898
882 898 897
883 884 899
883 899 898
885 886 901
885 901 900
886 887 902
886 902 901
887 888 903
887 903 902
888 889 904
888 904 903
889 890 905
889 905 904
890 891 906
890 906 905
891 892 907
891 907 906
892 893 908
892 908 907
893 894 909
893 909 908
894 895 910
894 910 909
895 896 911
895 911 910
896 897 912
896 912 911
897 898 913
897 913 912
898 899 914
898 914 913
